$ANSIBLE_VAULT;1.1;AES256
36353766636639386139633238303661316639323630303939633366346634663935376433643230
3438306135643831643264666461346437653639623466360a333236323339323266333230393766
65333161653362343064623562323331303035613132336562363939393962626233323938616537
3935623138626236370a383238363833623339663839306639323464663938343261313238373933
32376663323937336135383434653866646266313437363733666265323431316564383137363938
64633437363030386661353533326137623862303061643632663836616438613731656665376538
31343133386237383030633266313965366364626565636164636265663866643333346230663866
36363435663235353333353639323034313031613132623836653063343563343236323965653532
62633736353832666637323830333036326134643438663937656365386131646530636362376362
34386638393839313739633963376361333330383336643836353539613935663361396136323163
62363839363062323631376130313961353337333337326238663333623239646166343637393034
64386664333565366130353635323838366663313838386661633166656335373664663138656236
63393462393237373931336463636662363166386137306330396334373464353733353964656531
62353233633635313065313366626261633038613938663936393866373561343636633762316462
63626165396663356230636362643538623761336564663732343137313066613630643939323561
62346235666161313631343737363634386334356439376532333363303336656633633134666630
38356230323937336636353965306438363038656161653866373665613730386432636235396462
65313235663336633732643133643236326661643436363064356531323430346630356537373333
65656438616561663062633938636637353432653031316566326338333831653465656663376338
65343465663866326438336663336538633732303337343332663563393438656137306365363863
32353364663535623564666565393734356637663235636564383963376564646535366463616333
39663666636265346633306236653637653738363130383866313832313438356566346261303333
30393137633932643338613965643466383436626165316466363933366339366335633039353334
39323237616139306565353231623262636135316332303234333564376634393163343032363438
37613334623730623835653165663764383632346463373031653436613337633361633638316334
38633736656361636538633630353465636564636265623062383138626435313865353230336464
66633835383834663437353231646235616266303362613332393134616134393834386564323634
64643064623263333363
